organ_to_id <- list(
  male = c(
    "cerebral_cortex" = "UBERON_0000956",
    "pleura" = "UBERON_0000977",
    "brain" = "UBERON_0000955",
    "heart" = "UBERON_0000948",
    "breast" = "UBERON_0000310",
    "thyroid_gland" = "UBERON_0002046",
    "adrenal_gland" = "UBERON_0002369",
    "lymph_node" = "UBERON_0000029",
    "bone_marrow" = "UBERON_0002371",
    "adipose_tissue" = "UBERON_0001013",
    "skeletal_muscle" = "UBERON_0001134",
    "circulatory_system" = "CL_0000738",
    "frontal_cortex" = "UBERON_0001870",
    "temporal_lobe" = "UBERON_0001871",
    "prefrontal_cortex" = "UBERON_0000451",
    "pituitary_gland" = "UBERON_0000007",
    "atrial_appendage" = "UBERON_0006618",
    "aorta" = "UBERON_0000947",
    "coronary_artery" = "UBERON_0001621",
    "gastroesophageal_junction" = "UBERON_0007650",
    "left_ventricle" = "UBERON_0002084",
    "caecum" = "UBERON_0001153",
    "ileum" = "UBERON_0002116",
    "rectum" = "UBERON_0001052",
    "nose" = "UBERON_0000004",
    "tongue" = "UBERON_0001723",
    "left_atrium" = "UBERON_0002079",
    "pulmonary_valve" = "UBERON_0002146",
    "mitral_valve" = "UBERON_0002135",
    "penis" = "UBERON_0000989",
    "vas_deferens" = "UBERON_0001000",
    "seminal_vesicle" = "UBERON_0000998",
    "testis" = "UBERON_0000473",
    "epididymis" = "UBERON_0001301",
    "eye" = "UBERON_0000970",
    "nasal_septum" = "UBERON_0001706",
    "oral_cavity" = "UBERON_0000167",
    "tonsil" = "UBERON_0002372",
    "nasal_pharynx" = "UBERON_0001728",
    "lung" = "UBERON_0002048",
    "spinal_cord" = "UBERON_0002240",
    "amygdala" = "UBERON_0001876",
    "trachea" = "UBERON_0003126",
    "throat" = "UBERON_0000341",
    "bronchus" = "UBERON_0002185",
    "tricuspid_valve" = "UBERON_0002134",
    "diaphragm" = "UBERON_0001103",
    "liver" = "UBERON_0002107",
    "stomach" = "UBERON_0000945",
    "spleen" = "UBERON_0002106",
    "duodenum" = "UBERON_0002114",
    "gall_bladder" = "UBERON_0002110",
    "pancreas" = "UBERON_0001264",
    "colon" = "UBERON_0001155",
    "small_intestine" = "UBERON_0002108",
    "appendix" = "UBERON_0001154",
    "smooth_muscle" = "UBERON_0001135",
    "bladder" = "UBERON_0001255",
    "prostate_gland" = "UBERON_0002367",
    "nerve" = "UBERON_0001021",
    "cerebellum" = "UBERON_0002037",
    "cerebellar_hemisphere" = "UBERON_0002245",
    "kidney" = "UBERON_0002113",
    "renal_cortex" = "UBERON_0001225",
    "bone" = "UBERON_0002481",
    "cartilage" = "UBERON_0007844",
    "esophagus" = "UBERON_0001043",
    "salivary_gland" = "UBERON_0001044",
    "parotid_gland" = "UBERON_0001831",
    "submandibular_gland" = "UBERON_0001736",
    "skin" = "UBERON_0000014"
  ),
  female = c(
    "parotid_gland" = "UBERON_0001831",
    "adipose_tissue" = "UBERON_0001013",
    "heart" = "UBERON_0000948",
    "smooth_muscle" = "UBERON_0001135",
    "brain" = "UBERON_0000955",
    "breast" = "UBERON_0000310",
    "adrenal_gland" = "UBERON_0002369",
    "pancreas" = "UBERON_0001264",
    "liver" = "UBERON_0002107",
    "colon" = "UBERON_0001155",
    "lymph_node" = "UBERON_0000029",
    "bone_marrow" = "UBERON_0002371",
    "skeletal_muscle" = "UBERON_0001134",
    "circulatory_system" = "CL_0000738",
    "ovary" = "UBERON_0000992",
    "bladder" = "UBERON_0001255",
    "stomach" = "UBERON_0000945",
    "duodenum" = "UBERON_0002114",
    "esophagus" = "UBERON_0001043",
    "gall_bladder" = "UBERON_0002110",
    "spleen" = "UBERON_0002106",
    "small_intestine" = "UBERON_0002108",
    "placenta" = "UBERON_0001987",
    "salivary_gland" = "UBERON_0001044",
    "endometrium" = "UBERON_0001295",
    "fallopian_tube" = "UBERON_0003889",
    "uterus" = "UBERON_0000995",
    "uterine_cervix" = "UBERON_0000002",
    "vagina" = "UBERON_0000996",
    "aorta" = "UBERON_0000947",
    "nerve" = "UBERON_0001021",
    "pituitary_gland" = "UBERON_0000007",
    "atrial_appendage" = "UBERON_0006618",
    "ectocervix" = "UBERON_0012249",
    "gastroesophageal_junction" = "UBERON_0007650",
    "caecum" = "UBERON_0001153",
    "appendix" = "UBERON_0001154",
    "ileum" = "UBERON_0002116",
    "left_atrium" = "UBERON_0002079",
    "left_ventricle" = "UBERON_0002084",
    "pulmonary_valve" = "UBERON_0002146",
    "mitral_valve" = "UBERON_0002135",
    "diaphragm" = "UBERON_0001103",
    "pleura" = "UBERON_0000977",
    "bone" = "UBERON_0002481",
    "cartilage" = "UBERON_0007844",
    "bronchus" = "UBERON_0002185",
    "trachea" = "UBERON_0003126",
    "lung" = "UBERON_0002048",
    "spinal_cord" = "UBERON_0002240",
    "throat" = "UBERON_0000341",
    "rectum" = "UBERON_0001052",
    "nasal_septum" = "UBERON_0001706",
    "nasal_pharynx" = "UBERON_0001728",
    "oral_cavity" = "UBERON_0000167",
    "tongue" = "UBERON_0001723",
    "tonsil" = "UBERON_0002372",
    "eye" = "UBERON_0000970",
    "cerebellum" = "UBERON_0002037",
    "cerebellar_hemisphere" = "UBERON_0002245",
    "prefrontal_cortex" = "UBERON_0000451",
    "frontal_cortex" = "UBERON_0001870",
    "nose" = "UBERON_0000004",
    "temporal_lobe" = "UBERON_0001871",
    "cerebral_cortex" = "UBERON_0000956",
    "amygdala" = "UBERON_0001876",
    "kidney" = "UBERON_0002113",
    "renal_cortex" = "UBERON_0001225",
    "coronary_artery" = "UBERON_0001621",
    "submandibular_gland" = "UBERON_0001736",
    "tricuspid_valve" = "UBERON_0002134",
    "thyroid_gland" = "UBERON_0002046",
    "skin" = "UBERON_0000014"
  )
)

#' Interactive Human Body Widget
#'
#' This widget visualizes an SVG-based human body, highlights specific body
#' parts, and displays associated participant data.
#'
#' @param gender One of "male" or "female"
#' @param organ_df A data.frame with at least an `organ` column, and optionally
#' the following columns:
#' * `show`: A logical (Boolean) column indicating whether or not each organ
#' should be visible. If absent, all organs will be shown.
#' * `selected`: A logical (Boolean) column indicating whether or not each
#' organ should be in a "selected" state. If absent, no organs will be selected.
#' * `hovertext`: A character column or a column containing `shiny.tag`
#' objects. This will be the contents of the tooltip that appears when the organ
#' is hovered over. If absent, the tooltip will contain the title-cased name of
#' the organ (underscores replaced with spaces).
#' * `color`: A character column indicating the color of the organ. If absent,
#' all organs will be shown in black.
#' If `organ_df` has other columns, these will be ignored.
#' @param select_color The color that should be applied to organs with the
#' "selected" state (activated by clicking the organ and deactivated by clicking
#' again).
#' @param width Widget width
#' @param height Widget height
#' @param elementId ID of the widget
#'
#' @returns An object of class `human` and class `htmlwidget`.
#'
#' @import htmlwidgets
#'
#' @export
#'
#' @examples
#' example_organs <- c("brain", "eye", "heart", "stomach", "bladder")
#' my_organ_df <- subset(shinybody_organs, organ %in% example_organs)
#' my_organ_df$show <- TRUE
#' my_organ_df$color <- grDevices::rainbow(nrow(my_organ_df))
#' my_organ_df$selected[1] <- TRUE
#' my_organ_df$hovertext <- mapply(
#'   function(o, clr) htmltools::strong(
#'     tools::toTitleCase(o),
#'     style = paste("color:", clr)
#'   ),
#'   my_organ_df$organ,
#'   my_organ_df$color,
#'   SIMPLIFY = FALSE
#' )
#' human(gender = "female", organ_df = my_organ_df)
human <- function(
    gender = c("male", "female"),
    organ_df,
    select_color = "yellow",
    width = NULL,
    height = NULL,
    elementId = NULL) {
  gender <- match.arg(gender, choices = c("male", "female"),